Timestamp	Battery	Time_ms	Q0	Q1	Q2	Q3	Acc_X	Acc_Y	Acc_Z	Sensor1	Sensor2	Sensor3	Sensor4	Sensor5	Sensor6	Sensor7	Sensor8
2025-02-06 09:00:49	144	115036	138014336	702898624	529567264	3695504384	-3556	-1594	-1444	20475	3735	0	0	0	0	0	0
2025-02-06 09:00:49	149	170978	3851270848	503239040	3867672736	721259328	1242	-3792	1010	19555	0	0	0	0	0	0	0
2025-02-06 09:00:49	147	171091	3850816416	502997760	3867436352	721007744	1240	-3802	1026	19140	0	0	0	0	0	0	0
2025-02-06 09:00:49	146	171203	3850831552	503114112	3868142304	721354048	1222	-3764	990	19820	0	0	0	0	0	0	0
2025-02-06 09:00:49	148	171316	3850029568	502385120	3867915392	721233536	1226	-3808	1020	19685	0	0	0	0	0	0	0
2025-02-06 09:00:49	144	171654	3849896256	502808800	3867856576	720821184	1204	-3814	1020	19405	0	0	0	0	0	0	0
2025-02-06 09:00:50	150	171879	3850087776	503410752	3868175744	720708288	1228	-3792	1024	19180	0	0	0	0	0	0	0
2025-02-06 09:00:50	149	171991	3849613120	502917728	3868275840	720818624	1232	-3798	1002	19625	0	0	0	0	0	0	0
2025-02-06 09:00:50	149	172104	3849890944	503445696	3868532160	720773312	1238	-3790	1018	19325	0	0	0	0	0	0	0
2025-02-06 09:00:50	144	172222	3849978688	503728224	3868830816	720806720	1234	-3786	1008	19720	0	0	0	0	0	0	0
2025-02-06 09:00:50	144	172335	3849958752	503912224	3868824736	720662272	1258	-3794	1016	19715	0	0	0	0	0	0	0
2025-02-06 09:00:50	147	172453	3849234816	503321056	3868370688	720359232	1224	-3796	1044	19715	0	0	0	0	0	0	0
2025-02-06 09:00:50	146	172678	3849507264	503750944	3869335584	720797824	1236	-3786	1014	19715	0	0	0	0	0	0	0
2025-02-06 09:00:51	148	173241	3848598784	503821440	3868953888	719960768	1240	-3786	1012	19505	0	0	0	0	0	0	0
2025-02-06 09:00:51	146	173353	3848469984	503654272	3869398912	720260992	1234	-3784	1000	17455	0	0	0	0	0	0	0
2025-02-06 09:00:51	147	173466	3848642240	503943008	3870101536	720580480	1238	-3798	1020	17580	0	0	0	0	0	0	0
2025-02-06 09:00:51	148	173578	3848541600	504293280	3869284704	719790592	1226	-3798	992	18565	0	0	0	0	0	0	0
2025-02-06 09:00:52	149	174366	3848078592	504902976	3870147040	719585024	1228	-3780	1010	19550	0	0	0	0	0	0	0
2025-02-06 09:00:52	145	174479	3848067840	505038400	3870273984	719558272	1224	-3798	1024	19485	0	0	0	0	0	0	0
2025-02-06 09:00:52	144	174710	3847863488	505217664	3869947840	719112960	1236	-3796	998	19140	0	0	0	0	0	0	0
2025-02-06 09:00:53	147	175278	3846743424	504807456	3869982272	718723968	1220	-3796	1004	18615	0	0	0	0	0	0	0
2025-02-06 09:00:53	146	175728	3847099456	506003168	3870575040	718455360	1254	-3798	1012	18790	0	5	0	0	0	0	0
2025-02-06 09:00:54	149	175841	3846253728	504945952	3870993056	718918080	1234	-3784	1010	19635	0	0	0	0	0	0	0
2025-02-06 09:00:54	148	175953	3846712800	505774976	3871034048	718645952	1242	-3804	1010	19440	0	0	0	0	0	0	0
2025-02-06 09:00:54	147	176066	3846397216	505741952	3870576384	718201920	1242	-3806	966	19400	0	0	0	0	0	0	0
2025-02-06 09:00:54	145	176404	3846679520	506554848	3870837248	717959296	1234	-3780	986	18855	0	0	0	0	0	0	0
2025-02-06 09:00:55	145	176741	3846018784	506130208	3871201152	718060800	1248	-3798	1020	19550	0	0	0	0	0	0	0
2025-02-06 09:00:55	141	176972	3845791040	506122624	3871713728	718226112	1236	-3806	1020	19450	0	0	0	0	0	0	0
2025-02-06 09:00:55	144	177085	3845621952	506040416	3871958592	718322304	1218	-3780	1024	18940	0	0	0	0	0	0	0
2025-02-06 09:00:55	149	177203	3845811712	506561920	3871748992	717950016	1244	-3786	1004	19500	0	0	0	0	0	0	0
2025-02-06 09:00:55	146	177315	3845241184	505991456	3871747680	717994304	1236	-3804	1016	19600	0	0	0	0	0	0	0
2025-02-06 09:00:55	146	177428	3845337504	506486976	3871222176	717395008	1206	-3812	996	18315	0	0	0	0	0	0	0
2025-02-06 09:00:55	148	177541	3845479104	506749952	3871756768	717613632	1232	-3790	1004	18620	0	0	0	0	0	0	0
2025-02-06 09:00:56	149	178328	3843696128	506053056	3872991552	717713536	1244	-3816	1028	19130	0	0	0	0	0	0	0
2025-02-06 09:00:56	150	178441	3843984736	506624928	3873006496	717500288	1202	-3786	1032	19070	0	0	0	0	0	0	0
2025-02-06 09:00:56	147	178554	3843667680	506505728	3872542336	717111872	1230	-3818	1004	18780	0	0	0	0	0	0	0
2025-02-06 09:00:57	149	179690	3842567808	507004928	3873497216	716627648	1240	-3804	1030	19105	0	5	0	0	0	0	0
2025-02-06 09:00:58	149	179803	3842684256	507231296	3873780000	716707392	1226	-3794	990	19195	0	0	0	0	0	0	0
2025-02-06 09:00:58	146	180253	3842485792	507784000	3873442016	715991680	1212	-3782	996	19865	0	0	0	0	0	0	0
2025-02-06 09:00:58	146	180366	3842584640	508027328	3873605760	715977856	1236	-3800	1006	19960	0	0	0	0	0	0	0
2025-02-06 09:00:58	144	180591	3841943104	507530880	3873689472	715973568	1212	-3792	996	19295	0	0	0	0	0	0	0
2025-02-06 09:00:59	150	180816	3841496480	507273888	3873838752	715960768	1228	-3802	994	19030	0	0	0	0	0	0	0
2025-02-06 09:00:59	149	180929	3841685824	507540480	3874256160	716137152	1242	-3772	1026	18910	0	0	0	0	0	0	0
2025-02-06 09:00:59	147	181154	3841609216	507742368	3874208928	715917760	1240	-3814	1032	19180	0	0	0	0	0	0	0
2025-02-06 09:01:00	149	181722	3840627072	507246560	3874513600	715825472	1232	-3808	1022	18875	0	0	0	0	0	0	0
2025-02-06 09:01:00	149	182291	3840977152	508696448	3874968960	715285888	1220	-3786	1030	19085	0	0	0	0	0	0	0
2025-02-06 09:01:00	148	182403	3840913344	508796480	3874857376	715108736	1220	-3786	982	19140	0	15	0	0	0	0	0
2025-02-06 09:01:00	148	182516	3840257312	508240416	3874663904	714973568	1242	-3812	1028	19100	0	0	0	0	0	0	0
2025-02-06 09:01:00	147	182628	3840442912	508394528	3875427296	715430208	1242	-3780	1028	18920	0	0	0	0	0	0	0
2025-02-06 09:01:01	144	182966	3840362112	508801056	3875430112	715091392	1222	-3798	1026	19170	0	0	0	0	0	0	0
2025-02-06 09:01:01	149	183304	3839884352	508863936	3875371648	714708416	1222	-3816	1022	19860	0	0	0	0	0	0	0
2025-02-06 09:01:01	149	183416	3840006656	509181696	3875445184	714603264	1230	-3798	998	19915	0	0	0	0	0	0	0
2025-02-06 09:01:01	149	183529	3839349152	508500352	3875486368	714693440	1226	-3788	1012	19185	0	0	0	0	0	0	0
2025-02-06 09:01:01	148	183641	3839464064	508758400	3875684512	714699520	1246	-3794	1022	19180	0	0	0	0	0	0	0
2025-02-06 09:01:02	144	183754	3839731040	509376448	3875430080	714279808	1216	-3792	1006	18870	0	0	0	0	0	0	0
2025-02-06 09:01:02	149	184097	3839911840	509974496	3875985280	714294272	1232	-3804	1002	19065	0	0	0	0	0	0	0
2025-02-06 09:01:02	144	184328	3839442464	509635040	3876106144	714308224	1234	-3782	1006	19100	0	0	0	0	0	0	0
2025-02-06 09:01:02	149	184666	3839466144	510112832	3876069696	713960896	1224	-3802	972	18945	0	0	0	0	0	0	0
2025-02-06 09:01:03	149	184778	3838945152	509585728	3876094496	714019200	1242	-3786	1010	18780	0	0	0	0	0	0	0
2025-02-06 09:01:03	146	184891	3838417056	509099616	3876426144	714222784	1222	-3808	1024	18600	0	0	0	0	0	0	0
2025-02-06 09:01:03	144	185228	3838135040	509620992	3876306176	713600128	1232	-3792	1032	19970	0	0	0	0	0	0	0
2025-02-06 09:01:04	147	185791	3837604704	509514016	3877103168	713804032	1210	-3806	1026	18800	0	0	0	0	0	0	0
2025-02-06 09:01:04	149	185904	3838157312	510387904	3877299296	713648320	1260	-3802	1006	18785	0	0	0	0	0	0	0
2025-02-06 09:01:04	149	186016	3837545632	509922112	3876969952	713396608	1230	-3790	1012	17925	0	0	0	0	0	0	0
2025-02-06 09:01:04	150	186472	3837526976	510735936	3877042592	712844928	1238	-3794	968	18450	0	0	0	0	0	0	0
2025-02-06 09:01:05	145	187041	3836516256	510080256	3877593888	712987904	1240	-3806	1026	18895	0	0	0	0	0	0	0
2025-02-06 09:01:05	149	187153	3836433184	510224032	3877439040	712740928	1226	-3800	1020	19610	0	0	0	0	0	0	0
2025-02-06 09:01:05	147	187266	3836335936	510028512	3878213856	713271552	1230	-3804	1038	18515	0	0	0	0	0	0	0
2025-02-06 09:01:05	145	187603	3836378816	510662560	3878035392	712740864	1238	-3790	1024	18765	0	0	0	0	0	0	0
2025-02-06 09:01:06	146	187716	3836621888	510999520	3878497312	712926016	1230	-3814	1014	18555	0	0	0	0	0	0	0
2025-02-06 09:01:06	146	188166	3835885856	510880160	3877950304	712217728	1220	-3786	1010	18335	0	0	0	0	0	0	0
2025-02-06 09:01:06	149	188391	3835982944	511462880	3877916128	711842048	1236	-3794	998	18540	0	0	0	0	0	0	0
2025-02-06 09:01:06	147	188504	3836117792	511699360	3878159296	711901312	1230	-3782	1002	18305	0	0	0	0	0	0	0
2025-02-06 09:01:06	148	188616	3835427968	510815520	3878740256	712430912	1214	-3792	1018	19100	0	0	0	0	0	0	0
2025-02-06 09:01:07	147	188729	3835780352	511579136	3878430656	711929152	1242	-3806	990	18745	0	0	0	0	0	0	0
2025-02-06 09:01:07	146	188847	3835429792	511178528	3878788160	712199616	1246	-3804	984	18755	0	0	0	0	0	0	0
2025-02-06 09:01:07	146	189078	3835358336	511324224	3878950656	712143808	1226	-3798	1038	18650	0	0	0	0	0	0	0
