Timestamp	Battery	Time_ms	Q0	Q1	Q2	Q3	Acc_X	Acc_Y	Acc_Z	Sensor1	Sensor2	Sensor3	Sensor4	Sensor5	Sensor6	Sensor7	Sensor8
2025-02-06 08:56:36	157	284229	54342760	3274474560	297895872	4154215808	948	-690	-4004	20475	180	25	80	0	15	0	0
2025-02-06 08:56:37	160	312583	14509887	3363828992	500777024	4108138816	1206	-766	-3906	20475	0	0	0	315	0	0	0
2025-02-06 08:56:37	159	312695	15886483	3364335296	501841856	4108586016	1206	-788	-3900	20475	0	0	0	0	0	0	0
2025-02-06 08:56:37	159	312921	14571607	3365237888	503580032	4108662192	1238	-782	-3904	20475	0	0	0	0	0	0	0
2025-02-06 08:56:37	159	313258	14012451	3366414144	506524864	4110747616	1202	-776	-3912	20475	75	0	15	0	0	0	0
2025-02-06 08:56:38	159	313483	15272016	3367537536	508374176	4110283184	1188	-792	-3916	20475	0	0	0	0	0	0	0
2025-02-06 08:56:38	159	313708	14370758	3368598080	510085312	4109607936	1188	-786	-3894	20475	70	0	70	0	0	0	0
2025-02-06 08:56:38	159	313821	13251889	3368880704	510921824	4110417440	1194	-794	-3946	20475	15	0	0	0	0	0	0
2025-02-06 08:56:39	161	314384	13798723	3371619008	515701568	4110032336	1176	-786	-3912	20475	55	0	0	35	10	0	0
2025-02-06 08:56:39	161	314958	12092886	3374303168	520471616	4109893856	1158	-784	-3906	20475	295	0	0	40	0	0	0
2025-02-06 08:56:39	159	315296	11257742	3376119616	523051296	4108095216	1194	-788	-3926	20475	130	0	35	160	0	0	0
2025-02-06 08:56:40	159	315521	11304139	3377057344	525119648	4109294656	1186	-792	-3880	20475	0	0	0	80	0	0	0
2025-02-06 08:56:40	161	315858	10161993	3378682880	527770080	4108714784	1208	-792	-3912	20475	35	0	30	160	0	0	0
2025-02-06 08:56:40	159	316083	9668758	3379846720	529474784	4107807024	1200	-780	-3910	20475	10	0	0	165	0	0	0
2025-02-06 08:56:41	161	316421	9458385	3381205504	532453408	4109616400	1172	-766	-3924	20475	40	0	0	230	0	0	0
2025-02-06 08:56:41	158	316646	8831730	3382250560	534174144	4109387632	1184	-770	-3926	20475	85	0	80	325	10	0	0
2025-02-06 08:56:41	161	316759	8861269	3382897088	535073280	4108802032	1192	-792	-3916	20475	150	0	105	380	50	0	0
2025-02-06 08:56:41	159	316984	8000395	3383838912	537005120	4109715936	1186	-760	-3914	20475	0	0	15	355	55	0	0
2025-02-06 08:56:41	160	317102	8082636	3384447680	538048256	4109752688	1196	-762	-3914	20475	70	0	0	395	70	0	0
2025-02-06 08:56:41	159	317215	8367784	3385115968	538984448	4109203888	1188	-784	-3884	20475	15	0	0	500	0	0	0
2025-02-06 08:56:41	161	317333	8060806	3385556992	539823040	4109466720	1184	-778	-3908	20475	0	0	0	220	0	0	0
2025-02-06 08:56:42	159	317558	8413735	3386846784	541808704	4108952496	1180	-776	-3914	20475	0	0	0	575	0	0	0
2025-02-06 08:56:42	159	318233	6796336	3389870784	547125184	4109711520	1180	-786	-3926	20475	0	0	0	485	0	0	0
2025-02-06 08:56:43	159	318458	5555704	3390961792	548943296	4109721360	1192	-774	-3914	20475	185	210	430	980	400	0	0
2025-02-06 08:56:43	159	318796	6211899	3392751168	551870016	4109714288	1180	-770	-3898	20475	60	0	135	540	30	0	0
2025-02-06 08:56:43	159	318909	5292390	3393233216	552533952	4109318384	1198	-786	-3924	20475	300	230	440	850	365	0	0
2025-02-06 08:56:43	160	319359	5223860	3395827968	556400768	4108282576	1184	-778	-3926	20475	40	0	0	445	0	0	0
2025-02-06 08:56:44	156	319477	4725004	3396266752	557380672	4109081696	1178	-782	-3894	20475	20	0	0	475	15	0	0
2025-02-06 08:56:44	157	319933	3563757	3398514816	560953600	4108948336	1190	-772	-3928	20475	25	0	35	300	0	0	0
2025-02-06 08:56:45	160	320496	3254044	3401369280	565694656	4109567248	1210	-776	-3932	20475	55	0	40	580	100	0	0
2025-02-06 08:56:45	161	320833	2516705	3403012480	568379008	4109853616	1180	-782	-3906	20475	95	30	75	985	0	0	0
2025-02-06 08:56:45	159	321059	2484544	3404181632	570183936	4109773968	1182	-780	-3924	20475	30	0	0	655	0	0	0
2025-02-06 08:56:46	161	321396	1789962	3405885696	572888704	4109923904	1178	-774	-3904	20475	130	0	0	675	55	0	0
2025-02-06 08:56:46	159	321621	1281055	3407015872	574751488	4110270944	1176	-758	-3896	20475	50	90	145	745	50	0	0
2025-02-06 08:56:46	157	321734	1180513	3407661440	575635840	4109922064	1174	-788	-3910	20475	20	0	0	585	0	0	0
2025-02-06 08:56:46	161	321852	244878	3408206720	576463488	4109880464	1188	-774	-3924	20475	70	0	0	555	0	0	0
2025-02-06 08:56:46	159	321965	1521993	3409035328	577662464	4109656688	1184	-780	-3910	20475	15	0	0	1010	0	0	0
2025-02-06 08:56:46	158	322195	656801	3410209408	579360000	4109342144	1194	-794	-3922	20475	0	0	0	450	0	0	0
2025-02-06 08:56:46	158	322308	83653	3410914560	580102976	4108304624	1214	-810	-3906	20475	0	0	0	415	0	0	0
2025-02-06 08:56:47	161	322533	4294207115	3412149184	581932160	4108156448	1192	-760	-3890	20475	375	5	105	450	45	0	0
2025-02-06 08:56:47	158	322758	4294318661	3413320640	583814592	4108498464	1202	-768	-3910	20475	15	0	30	405	40	0	0
2025-02-06 08:56:47	159	322983	4294373903	3414584384	585512832	4107851952	1200	-778	-3922	20475	55	0	15	410	5	0	0
2025-02-06 08:56:47	160	323096	4293522796	3415193664	586388736	4107734272	1190	-794	-3934	20475	0	0	0	135	15	0	0
2025-02-06 08:56:47	159	323321	4293310535	3416087168	588352192	4109709984	1190	-788	-3886	20475	15	0	30	325	20	0	0
2025-02-06 08:56:48	156	323434	4292078959	3416665152	589079936	4109297280	1206	-852	-3896	20475	85	0	25	70	40	0	0
2025-02-06 08:56:48	160	323659	4292272182	3417831936	590937536	4109681616	1174	-778	-3934	20475	385	85	155	100	95	0	0
2025-02-06 08:56:48	159	323884	4293609515	3419121216	593440000	4111576624	1160	-778	-3932	20475	0	0	0	40	0	0	0
2025-02-06 08:56:48	160	324340	4290880188	3420923904	596109248	4111673168	1184	-768	-3896	20475	105	60	110	90	25	0	0
2025-02-06 08:56:49	161	324458	4290425578	3421624512	596927040	4111006608	1182	-780	-3916	20475	100	85	160	330	115	0	0
2025-02-06 08:56:49	159	325021	4290359876	3424674112	601727680	4112199792	1154	-768	-3934	20475	0	0	65	20	25	0	0
2025-02-06 08:56:50	161	325358	4289790917	3426829056	604536896	4111239872	1174	-748	-3920	20475	0	0	0	0	0	0	0
2025-02-06 08:56:50	159	325584	4288679924	3428175360	606299776	4110727264	1180	-796	-3918	20475	0	0	0	5	0	0	0
2025-02-06 08:56:50	161	325921	4287010390	3430331776	609525888	4111304240	1186	-752	-3938	20475	0	0	0	0	0	0	0
2025-02-06 08:56:50	158	326146	4287276794	3432897984	612914752	4110510928	1176	-766	-3892	20475	0	0	0	0	0	0	0
