Timestamp	Battery	Time_ms	Q0	Q1	Q2	Q3	Acc_X	Acc_Y	Acc_Z	Sensor1	Sensor2	Sensor3	Sensor4	Sensor5	Sensor6	Sensor7	Sensor8
2025-02-05 08:00:57	164	78494	351958464	235099184	3310463616	4227754040	2382	1070	-3204	20475	20	0	0	0	45	0	0
2025-02-05 08:00:57	167	78604	352498560	232951360	3309961024	4230527472	2390	1028	-3176	20475	35	0	0	0	50	0	0
2025-02-05 08:00:57	166	78835	351784128	230239376	3309366336	4226118464	2366	1082	-3192	20475	30	0	0	0	45	0	0
2025-02-05 08:00:57	166	79060	351059872	227876464	3308640896	4224958376	2350	1074	-3178	20475	35	0	0	0	45	0	0
2025-02-05 08:00:57	168	79173	350902016	225433808	3307926464	4226342592	2350	1076	-3152	20475	30	0	0	0	50	0	0
2025-02-05 08:00:57	166	79398	351310272	222943680	3307503104	4226386080	2358	1038	-3206	20475	30	0	0	0	50	0	0
2025-02-05 08:00:58	166	79623	352425152	221926336	3307765184	4225047584	2346	972	-3182	20475	30	0	0	0	50	0	0
2025-02-05 08:00:58	166	79736	351450720	220797936	3307389376	4221944920	2346	1062	-3246	20475	35	0	0	0	50	0	0
2025-02-05 08:00:58	166	79961	352127072	217447968	3306862464	4222280120	2394	1028	-3226	20475	30	0	0	0	50	0	0
2025-02-05 08:00:58	163	80073	351957664	216462992	3306704768	4220682040	2344	1076	-3142	20475	40	0	0	0	55	0	0
2025-02-05 08:00:58	166	80186	350573088	215787824	3306136832	4219733528	2362	1046	-3248	20475	35	0	0	0	45	0	0
2025-02-05 08:00:58	168	80298	352241056	214215344	3306373248	4219924712	2358	1086	-3156	20475	40	0	0	0	50	0	0
2025-02-05 08:00:59	166	80524	352294688	211274272	3305778560	4219675352	2364	1058	-3126	20475	35	0	0	0	50	0	0
2025-02-05 08:00:59	166	80749	349036960	205793456	3303496640	4219338576	2372	1088	-3142	20475	35	0	0	0	50	0	0
2025-02-05 08:00:59	168	80861	349520000	204769056	3303810688	4214808256	2336	1058	-3166	20475	40	0	0	0	50	0	0
2025-02-05 08:00:59	165	81086	347271808	201750608	3302397824	4214862688	2350	1078	-3200	20475	35	0	0	0	50	0	0
2025-02-05 08:00:59	166	81317	347898304	198294784	3301967744	4214287544	2390	1052	-3202	20475	45	0	0	0	50	0	0
2025-02-05 08:01:00	165	81430	346768928	197074864	3301414208	4213256848	2304	1078	-3222	20475	55	0	0	0	50	0	0
2025-02-05 08:01:00	166	81660	346761440	194539504	3300926336	4213082320	2330	1020	-3236	20475	45	0	0	0	50	0	0
2025-02-05 08:01:00	167	81886	347397792	192046480	3301003520	4209055968	2352	1108	-3206	20475	35	0	0	0	45	0	0
2025-02-05 08:01:00	168	81998	347589440	190754960	3300746816	4209930216	2348	1050	-3178	20475	40	0	0	0	50	0	0
2025-02-05 08:01:00	166	82111	346244640	188896848	3299782464	4211592040	2352	1058	-3220	20475	50	0	0	0	45	0	0
2025-02-05 08:01:00	166	82223	347405152	188046896	3300273856	4208684968	2338	1120	-3208	20475	45	0	0	0	45	0	0
2025-02-05 08:01:01	165	82448	347100416	185229856	3299568128	4209507504	2350	1054	-3174	20475	55	0	0	0	50	0	0
2025-02-05 08:01:01	168	82561	345499744	185233136	3299310528	4206097880	2354	1076	-3250	20475	50	0	0	0	45	0	0
2025-02-05 08:01:01	166	82786	345816736	182804384	3299017152	4205589896	2334	1074	-3200	20475	50	0	0	0	45	0	0
2025-02-05 08:01:01	167	83011	346055264	180298896	3298600768	4206066088	2360	1056	-3224	20475	55	0	0	0	45	0	0
2025-02-05 08:01:01	163	83124	348158880	178187840	3298919296	4206455712	2370	1072	-3174	20475	50	0	0	0	45	0	0
2025-02-05 08:01:01	167	83349	346583168	175968816	3298062336	4205483200	2368	1076	-3196	20475	60	0	0	0	45	0	0
2025-02-05 08:01:02	165	83461	345340576	175625136	3297876224	4202140224	2344	1094	-3204	20475	55	0	0	0	45	0	0
2025-02-05 08:01:02	165	83574	345296256	173829344	3297324800	4204551864	2324	1070	-3204	20475	55	0	0	0	50	0	0
2025-02-05 08:01:02	167	83805	347401056	174038608	3298383296	4201398912	2398	1020	-3240	20475	65	0	0	0	45	0	0
2025-02-05 08:01:02	167	83923	345493760	172059040	3296976512	4205772832	2346	1030	-3226	20475	65	0	0	0	45	0	0
2025-02-05 08:01:02	166	84148	345024128	170953264	3297165568	4199904920	2324	1034	-3230	20475	60	0	0	0	45	0	0
2025-02-05 08:01:02	166	84261	344375872	168010304	3296088576	4203693952	2334	1040	-3212	20475	60	0	0	0	45	0	0
2025-02-05 08:01:03	165	84486	345776224	165963808	3296814144	4197515816	2344	1098	-3190	20475	60	0	0	0	45	0	0
2025-02-05 08:01:03	161	84711	345076064	163186352	3296138048	4197271904	2370	1122	-3186	20475	60	0	0	0	45	0	0
2025-02-05 08:01:03	168	84823	344119776	161913760	3295537472	4197925168	2320	1096	-3170	20475	65	0	0	0	40	0	0
2025-02-05 08:01:03	166	85048	343835456	158542864	3294927040	4197640288	2332	1080	-3206	20475	60	0	0	0	45	0	0
2025-02-05 08:01:03	163	85274	345046752	156024784	3295226688	4194821536	2376	1108	-3210	20475	65	0	0	0	45	0	0
2025-02-05 08:01:03	167	85386	344879520	154295648	3294646208	4197395360	2356	1062	-3182	20475	65	0	0	0	40	0	0
2025-02-05 08:01:04	166	85611	344427648	151801424	3294336064	4195093528	2376	1094	-3212	20475	65	0	0	0	45	0	0
2025-02-05 08:01:04	164	85724	343912384	150807936	3294153024	4193658072	2382	1094	-3160	20475	65	0	0	0	45	0	0
2025-02-05 08:01:04	164	85836	343157056	149407264	3293653184	4193960880	2352	1076	-3210	20475	75	0	0	0	45	0	0
2025-02-05 08:01:04	165	85949	344352064	147773264	3293814656	4194022000	2334	1088	-3208	20475	65	0	0	0	45	0	0
2025-02-05 08:01:04	166	86067	342303104	146152672	3292912704	4193643888	2328	1066	-3228	20475	65	0	0	0	45	0	0
2025-02-05 08:01:04	163	86180	342978816	144752304	3293115712	4191926776	2310	1074	-3212	20475	75	0	0	0	40	0	0
2025-02-05 08:01:04	166	86298	342532352	143475184	3292831744	4191417920	2340	1114	-3222	20475	70	0	0	0	45	0	0
2025-02-05 08:01:05	167	86410	343060736	142027936	3292792256	4191554888	2342	1070	-3196	20475	70	0	0	0	45	0	0
2025-02-05 08:01:05	167	86523	343211904	140513936	3292625344	4191606144	2358	1086	-3186	20475	75	0	0	0	45	0	0
2025-02-05 08:01:05	166	86748	341704064	137822368	3291692416	4192037784	2350	1074	-3220	20475	70	0	0	0	45	0	0
2025-02-05 08:01:05	165	86973	342061376	135561936	3291872064	4188531912	2334	1076	-3188	20475	80	0	0	0	45	0	0
2025-02-05 08:01:05	163	87198	342483232	134403152	3292125504	4186058840	2338	1104	-3182	20475	80	0	0	0	45	0	0
2025-02-05 08:01:06	166	87536	343819520	129778832	3292046528	4185389920	2360	1108	-3180	20475	85	0	0	0	45	0	0
2025-02-05 08:01:06	168	87986	343287552	123396672	3291255680	4183604584	2366	1112	-3190	20475	85	0	0	0	40	0	0
2025-02-05 08:01:06	166	88099	341368736	122421608	3290496960	4183470144	2362	1098	-3236	20475	90	0	0	0	40	0	0
2025-02-05 08:01:07	166	88555	342079840	118128704	3290368576	4182184328	2350	1060	-3208	20475	100	0	0	0	45	0	0
2025-02-05 08:01:07	166	88673	343922784	115801776	3290682048	4182584856	2372	1060	-3218	20475	100	0	0	0	45	0	0
2025-02-05 08:01:07	168	89123	342022784	110626784	3289925440	4178415120	2384	1090	-3130	20475	105	0	0	0	35	0	0
2025-02-05 08:01:07	166	89236	341865696	109111848	3289697472	4178490824	2368	1112	-3178	20475	105	0	0	0	45	0	0
2025-02-05 08:01:08	164	89686	341348896	104521816	3289262144	4176540552	2366	1086	-3184	20475	110	0	0	0	35	0	0
2025-02-05 08:01:08	166	89798	342751232	102589576	3289470080	4177136216	2368	1090	-3190	20475	105	0	0	0	40	0	0
2025-02-05 08:01:08	167	90249	340981216	97970992	3288700288	4174669616	2362	1120	-3182	20475	110	0	0	0	40	0	0
2025-02-05 08:01:08	161	90361	340698944	96901600	3288604800	4173804808	2374	1098	-3126	20475	120	0	0	0	35	0	0
2025-02-05 08:01:09	166	90930	340560832	90123552	3288445248	4169583936	2368	1128	-3154	20475	120	0	0	0	40	0	0
2025-02-05 08:01:10	166	91386	342610720	83240744	3288404352	4170743288	2360	1034	-3154	20475	100	0	0	0	35	0	0
2025-02-05 08:01:10	166	91498	350263072	81201800	3291059840	4169255432	2352	1092	-2868	20475	340	0	0	0	45	0	0
2025-02-05 08:01:10	163	92061	438271424	4283678574	3330716992	4119115488	2608	1942	-3094	20475	520	0	0	0	35	0	0
2025-02-05 08:01:10	166	92286	440952672	4254677964	3335168192	4106195392	2630	1146	-2014	20475	695	0	0	0	45	0	0
2025-02-05 08:01:11	166	92511	470484896	4219270120	3356939648	4080655440	3384	966	-2208	20475	600	0	0	0	45	0	0
2025-02-05 08:01:11	163	92624	475997632	4202835288	3364197312	4067993952	3258	1362	-2062	20475	535	0	0	0	45	0	0
2025-02-05 08:01:11	167	92849	481040736	4192617536	3367529728	4069367264	3298	1092	-2172	20475	445	0	0	0	30	0	0
2025-02-05 08:01:11	166	93074	489734368	4190576288	3369538752	4081059824	3386	988	-2096	20475	310	0	0	0	25	0	0
2025-02-05 08:01:11	167	93192	488710080	4186878880	3368454336	4085289472	3342	954	-2132	20475	320	0	0	0	25	0	0
2025-02-05 08:01:12	166	93423	487736992	4182509392	3369821440	4079369408	3356	1074	-2032	20475	280	0	0	0	25	0	0
2025-02-05 08:01:12	167	93648	485237952	4168613520	3370546240	4078320144	3360	980	-2056	20475	115	0	0	0	25	0	0
2025-02-05 08:01:12	163	93761	485501792	4163029144	3373250752	4070845536	3400	1016	-2004	20475	95	0	0	0	25	0	0
2025-02-05 08:01:12	168	93986	486737152	4147640160	3378634880	4061240640	3450	1026	-1968	20475	415	0	0	0	20	0	0
2025-02-05 08:01:12	164	94098	488642176	4143219552	3381939136	4055191248	3422	1042	-1968	20475	410	0	0	0	20	0	0
2025-02-05 08:01:12	168	94211	483934016	4141863584	3382075200	4046156144	3380	1060	-2006	20475	425	0	0	0	20	0	0
2025-02-05 08:01:12	163	94323	479317184	4137678304	3380585024	4045304096	3360	1084	-1970	20475	415	0	0	0	25	0	0
2025-02-05 08:01:13	168	94549	474743584	4126622384	3381670016	4039863200	3360	1156	-1958	20475	420	0	0	0	25	0	0
2025-02-05 08:01:13	167	94774	471939584	4118320464	3382153664	4038546096	3252	1016	-2144	20475	190	0	0	0	20	0	0
2025-02-05 08:01:13	163	94886	470247936	4109039488	3383533312	4037096208	3374	1014	-2058	20475	270	0	0	0	20	0	0
2025-02-05 08:01:13	166	95111	464485664	4086559744	3390149568	4021040416	3330	1112	-1956	20475	175	0	0	0	15	0	0
2025-02-05 08:01:13	166	95336	465567840	4073918320	3396953856	4010594944	3446	1002	-2030	20475	115	0	0	0	20	0	0
2025-02-05 08:01:14	164	95449	465619200	4068511312	3396981568	4014878656	3446	964	-2028	20475	130	0	0	0	15	0	0
2025-02-05 08:01:14	166	95680	461463808	4067112160	3396795520	4009778880	3370	1100	-1964	20475	170	0	0	0	15	0	0
2025-02-05 08:01:14	168	95911	461717088	4064040656	3396883136	4012395744	3400	1012	-2018	20475	120	0	0	0	20	0	0
2025-02-05 08:01:14	164	96023	459795904	4061205088	3396369024	4013230144	3374	1056	-2046	20475	40	0	0	0	15	0	0
2025-02-05 08:01:14	168	96248	459279072	4059281408	3397185344	4011393376	3398	1034	-2016	20475	45	0	0	0	25	0	0
2025-02-05 08:01:15	167	96473	458115616	4056722192	3397569728	4010435360	3368	1044	-1988	20475	95	0	0	0	20	0	0
2025-02-05 08:01:15	165	96586	456947552	4055879760	3397533312	4009379712	3378	1038	-2020	20475	90	0	0	0	20	0	0
2025-02-05 08:01:15	168	96811	456209536	4053228608	3398024512	4008889216	3396	1042	-2046	20475	35	0	0	0	25	0	0
2025-02-05 08:01:15	165	97036	456032416	4050061040	3399244864	4007481088	3380	1022	-2038	20475	50	0	0	0	20	0	0
2025-02-05 08:01:15	164	97149	455032032	4049388528	3399423616	4005916640	3400	1018	-2042	20475	40	0	0	0	25	0	0
2025-02-05 08:01:15	166	97261	455248064	4047629840	3400174656	4005431232	3376	1034	-2000	20475	40	0	0	0	25	0	0
2025-02-05 08:01:16	168	97374	454195776	4046144640	3400032192	4005491168	3388	998	-2024	20475	35	0	0	0	25	0	0
2025-02-05 08:01:16	166	97599	453571392	4043602768	3400894848	4004046304	3390	1024	-2042	20475	40	0	0	0	20	0	0
2025-02-05 08:01:16	163	97711	453638752	4042294944	3401518976	4003367392	3398	1018	-2046	20475	45	0	0	0	25	0	0
2025-02-05 08:01:16	166	98173	451307968	4037483104	3402471232	4001052960	3390	1012	-2074	20475	65	0	0	0	25	0	0
2025-02-05 08:01:16	164	98286	450562144	4036542992	3402641856	4000217536	3390	1048	-2032	20475	190	0	0	0	25	0	0
2025-02-05 08:01:17	166	98736	449741248	4031566336	3404625792	3997382784	3368	1022	-2030	20475	335	0	0	0	25	0	0
2025-02-05 08:01:17	164	98848	449291520	4030242352	3404837824	3997244256	3370	1022	-2034	20475	330	0	0	0	20	0	0
2025-02-05 08:01:17	168	99073	448311296	4028061328	3405534464	3995636064	3384	1054	-2076	20475	335	0	0	0	20	0	0
2025-02-05 08:01:17	165	99299	447366624	4025529056	3406352960	3994064448	3384	1038	-2040	20475	95	0	0	0	20	0	0
2025-02-05 08:01:18	164	99411	447216448	4024304576	3406850816	3993471104	3360	1040	-2028	20475	95	0	0	0	25	0	0
2025-02-05 08:01:18	168	99636	445693472	4021767520	3407027008	3992985536	3372	1034	-2026	20475	75	0	0	0	20	0	0
2025-02-05 08:01:18	166	99861	445813120	4019235104	3408290624	3991753664	3396	1038	-2008	20475	90	0	0	0	20	0	0
2025-02-05 08:01:18	163	99974	444570720	4018279744	3408300032	3990773824	3372	1048	-2036	20475	85	0	0	0	20	0	0
2025-02-05 08:01:18	167	100199	444019616	4015601696	3409192896	3989816864	3378	1030	-2052	20475	70	0	0	0	25	0	0
2025-02-05 08:01:18	166	100317	443034208	4015084448	3409439232	3988147840	3390	1048	-2042	20475	70	0	0	0	20	0	0
2025-02-05 08:01:19	164	100430	442980096	4013083104	3409812800	3988825152	3382	1044	-1994	20475	80	0	0	0	20	0	0
2025-02-05 08:01:19	165	100548	443007008	4011911232	3410530048	3987873600	3390	1014	-2036	20475	80	0	0	0	20	0	0
2025-02-05 08:01:19	166	100998	440183648	4007406048	3411366784	3985599296	3394	1024	-2034	20475	70	0	0	0	20	0	0
2025-02-05 08:01:19	164	101111	440761888	4006339808	3412554240	3984029856	3380	1040	-2020	20475	70	0	0	0	20	0	0
2025-02-05 08:01:20	167	101561	439297920	4001335776	3414103936	3982254400	3388	1006	-2052	20475	70	0	0	0	20	0	0
2025-02-05 08:01:20	164	101674	438523360	4000443584	3414345984	3981326048	3378	1030	-2006	20475	75	0	0	0	20	0	0
2025-02-05 08:01:20	166	101899	437255616	3998128416	3414907648	3980164128	3390	1044	-2030	20475	80	0	0	0	20	0	0
2025-02-05 08:01:20	165	102124	436038400	3995869952	3415448896	3979102656	3364	1018	-2026	20475	75	0	0	0	20	0	0
2025-02-05 08:01:20	166	102236	436844832	3994712128	3416515968	3978347488	3398	1046	-2008	20475	65	0	0	0	20	0	0
2025-02-05 08:01:21	166	102698	435111392	3990506528	3417783936	3976466304	3368	1046	-2026	20475	60	0	0	0	15	0	0
2025-02-05 08:01:21	166	102810	435205408	3989171808	3418465152	3975998400	3388	1052	-2010	20475	50	0	0	0	20	0	0
2025-02-05 08:01:21	168	103036	433492096	3986999872	3418960448	3974398880	3374	1066	-2020	20475	65	0	0	0	15	0	0
2025-02-05 08:01:21	166	103261	432620992	3984184704	3419837120	3973545056	3394	1038	-2060	20475	60	0	0	0	20	0	0
2025-02-05 08:01:22	167	103373	432418816	3983298560	3420357568	3972715584	3378	1042	-2026	20475	60	0	0	0	20	0	0
2025-02-05 08:01:22	167	103598	431321024	3981473888	3420754240	3971939200	3364	1032	-2020	20475	60	0	0	0	20	0	0
2025-02-05 08:01:22	166	103823	430778336	3978405536	3421907520	3971089184	3380	1030	-2038	20475	55	0	0	0	20	0	0
2025-02-05 08:01:22	167	103936	429682752	3977359136	3421928640	3970601792	3386	1054	-2056	20475	70	0	0	0	15	0	0
2025-02-05 08:01:22	166	104161	429821248	3974787296	3423375040	3969426272	3386	1030	-2012	20475	55	0	0	0	20	0	0
2025-02-05 08:01:23	165	104386	428569536	3972858496	3424082112	3967790304	3384	1032	-2010	20475	50	0	0	0	20	0	0
2025-02-05 08:01:23	168	104499	427672608	3971660704	3424167424	3967570688	3380	1038	-2024	20475	50	0	0	0	25	0	0
2025-02-05 08:01:23	166	104724	427042208	3969379744	3425242880	3966152864	3396	1044	-2038	20475	55	0	0	0	20	0	0
2025-02-05 08:01:23	166	104842	426947776	3967841696	3425955328	3965673696	3384	1056	-2012	20475	55	0	0	0	20	0	0
2025-02-05 08:01:23	168	104955	426286144	3966655744	3426325952	3965019648	3384	1020	-2024	20475	75	0	0	0	15	0	0
2025-02-05 08:01:23	168	105073	425310624	3965926368	3426682432	3963552352	3388	1036	-2018	20475	75	0	0	0	20	0	0
2025-02-05 08:01:23	167	105298	424881888	3962916032	3427631616	3963519136	3398	1044	-2020	20475	90	0	0	0	20	0	0
2025-02-05 08:01:24	165	105523	424152544	3961027328	3428649792	3961824160	3376	1030	-2030	20475	95	0	0	0	20	0	0
2025-02-05 08:01:24	168	105636	424105728	3959651168	3429280960	3961506400	3390	1032	-2020	20475	95	0	0	0	15	0	0
2025-02-05 08:01:24	165	106086	421940416	3955234528	3430961600	3958881312	3380	1038	-2028	20475	115	0	0	0	20	0	0
2025-02-05 08:01:24	168	106198	421555808	3953645152	3431263296	3959233888	3378	1034	-2062	20475	95	0	0	0	20	0	0
2025-02-05 08:01:25	165	106536	419813024	3950421376	3432640960	3956810304	3398	1032	-2048	20475	55	0	0	0	15	0	0
2025-02-05 08:01:25	165	106761	418761824	3948429888	3433546752	3955237216	3388	1050	-2028	20475	65	0	0	0	20	0	0
2025-02-05 08:01:25	166	107099	418252800	3944502624	3435216448	3954410400	3398	1038	-2020	20475	65	0	0	0	25	0	0
2025-02-05 08:01:25	168	107217	417186176	3943674560	3435616320	3952948416	3388	1052	-2020	20475	50	0	0	0	20	0	0
2025-02-05 08:01:26	166	107330	416976320	3942112480	3436106176	3953070336	3388	1024	-2030	20475	55	0	0	0	20	0	0
2025-02-05 08:01:26	168	107673	415126496	3937682592	3437698688	3951427104	3400	1044	-2016	20475	55	0	0	0	15	0	0
2025-02-05 08:01:26	168	107898	413876224	3935644288	3438546880	3949932672	3410	1056	-2004	20475	75	0	0	0	20	0	0
2025-02-05 08:01:27	166	108461	410937824	3935017120	3437962944	3948526464	3332	982	-2042	20475	70	0	0	0	20	0	0
2025-02-05 08:01:27	167	108799	411469376	3929696384	3440368960	3948783200	3410	1030	-2074	20475	80	0	0	0	20	0	0
2025-02-05 08:01:27	166	109024	414452832	3929231328	3443946112	3944053216	3398	1034	-2012	20475	65	0	0	0	20	0	0
2025-02-05 08:01:28	166	109361	412155328	3924125760	3444497856	3945370400	3394	1020	-2024	20475	75	0	0	0	15	0	0
2025-02-05 08:01:28	162	109592	410172256	3920639040	3447002240	3940701920	3422	1100	-2050	20475	75	0	0	0	20	0	0
2025-02-05 08:01:28	168	109935	409355392	3917353728	3448061376	3940710176	3376	1040	-1996	20475	75	0	0	0	15	0	0
2025-02-05 08:01:28	166	110161	408080672	3914469152	3448731712	3940723936	3382	1010	-2022	20475	65	0	0	0	15	0	0
2025-02-05 08:01:29	168	110498	405610368	3911329536	3450421632	3937256832	3400	1040	-2020	20475	55	0	0	0	15	0	0
2025-02-05 08:01:29	164	110611	406112576	3909751328	3451601728	3936739264	3394	1032	-1998	20475	125	0	0	0	15	0	0
2025-02-05 08:01:29	166	110723	404920160	3908417952	3451412352	3937272320	3376	1050	-2018	20475	145	0	0	0	15	0	0
2025-02-05 08:01:29	168	111061	403042976	3905281536	3452733504	3935446528	3372	1036	-2006	20475	100	0	0	0	15	0	0
2025-02-05 08:01:29	164	111174	403664448	3903328768	3453736448	3935917760	3392	1006	-2008	20475	105	0	0	0	15	0	0
2025-02-05 08:01:30	166	111286	403734208	3902991968	3454500096	3934577856	3388	1052	-1998	20475	100	0	0	0	15	0	0
2025-02-05 08:01:30	166	111624	401389344	3898934720	3455804160	3933357152	3396	1036	-2030	20475	85	0	0	0	10	0	0
2025-02-05 08:01:30	166	111849	399760544	3896481984	3456318592	3933054400	3392	1016	-2030	20475	90	0	0	0	15	0	0
2025-02-05 08:01:30	166	112198	398255712	3893204480	3458288960	3930467680	3398	996	-2010	20475	60	0	0	0	15	0	0
2025-02-05 08:01:31	166	112423	396649376	3890783360	3458929984	3929922272	3374	1036	-2048	20475	55	0	0	0	10	0	0
2025-02-05 08:01:31	168	112536	397209952	3889741536	3460040448	3929146112	3388	1010	-2014	20475	45	0	0	0	15	0	0
2025-02-05 08:01:31	166	112761	395604576	3887593920	3460801792	3928056768	3392	1036	-2026	20475	50	0	0	0	15	0	0
2025-02-05 08:01:31	166	112986	394369408	3885086816	3461744320	3927377856	3406	1042	-2040	20475	55	0	0	0	15	0	0
2025-02-05 08:01:31	168	113098	394131040	3884119616	3462448576	3926607392	3374	1004	-2004	20475	50	0	0	0	15	0	0
2025-02-05 08:01:32	165	113324	393545728	3881946656	3463759808	3925452160	3392	1030	-2022	20475	50	0	0	0	20	0	0
2025-02-05 08:01:32	164	113549	393016064	3879602592	3465343360	3923960416	3382	1030	-1986	20475	45	0	0	0	15	0	0
2025-02-05 08:01:32	168	113661	391674432	3878592512	3465383552	3923583808	3384	1024	-2014	20475	55	0	0	0	20	0	0
2025-02-05 08:01:32	166	113886	392283520	3876049856	3467372032	3922650688	3396	1014	-2000	20475	50	0	0	0	15	0	0
2025-02-05 08:01:32	168	114117	389802048	3874032480	3467708928	3921572704	3386	1034	-2022	20475	65	0	0	0	20	0	0
2025-02-05 08:01:32	166	114230	389635456	3872891648	3468592128	3920731840	3392	1022	-2024	20475	60	0	0	0	15	0	0
2025-02-05 08:01:33	165	114460	388017184	3870616512	3469361152	3919926944	3376	1030	-2024	20475	65	0	0	0	15	0	0
2025-02-05 08:01:33	164	114686	387281920	3868269728	3470535872	3919246240	3390	1010	-2010	20475	65	0	0	0	20	0	0
2025-02-05 08:01:33	167	114798	387150112	3867110624	3471323776	3918700640	3388	1052	-2058	20475	80	0	0	0	15	0	0
2025-02-05 08:01:33	165	115248	384441024	3863057504	3473275520	3916294176	3376	1022	-2022	20475	70	0	0	0	20	0	0
2025-02-05 08:01:34	166	115361	384511680	3861703456	3474273792	3915748224	3402	1024	-2028	20475	70	0	0	0	20	0	0
2025-02-05 08:01:34	165	115699	383065408	3858448064	3475873664	3914560768	3386	1016	-2024	20475	75	0	0	0	15	0	0
2025-02-05 08:01:34	166	115811	382336928	3857725984	3476491072	3913330336	3398	1030	-2002	20475	90	0	0	0	20	0	0
2025-02-05 08:01:34	168	116261	379731456	3853384416	3478594752	3911227584	3368	1034	-2028	20475	75	0	0	0	20	0	0
2025-02-05 08:01:35	165	116374	379542720	3851896992	3479317184	3911218944	3390	1030	-2032	20475	85	0	0	0	20	0	0
2025-02-05 08:01:35	168	116835	377795040	3847447936	3481809920	3909371712	3380	1010	-2012	20475	90	0	0	0	20	0	0
2025-02-05 08:01:35	164	116948	377081120	3846585920	3482359424	3908516928	3380	1040	-1990	20475	90	0	0	0	20	0	0
2025-02-05 08:01:36	162	117511	374914112	3841365248	3485339520	3906252288	3386	1018	-2012	20475	95	0	0	0	20	0	0
2025-02-05 08:01:36	166	117736	373734080	3839193504	3486502400	3905237600	3394	1014	-2040	20475	75	0	0	0	20	0	0
2025-02-05 08:01:36	165	117961	372034976	3837000224	3487403904	3904314912	3386	1044	-2014	20475	90	0	0	0	15	0	0
2025-02-05 08:01:36	164	118074	371858464	3836269952	3488264576	3903226976	3388	1032	-2046	20475	80	0	0	0	15	0	0
2025-02-05 08:01:37	167	118299	370885440	3834039328	3489568128	3902242240	3384	1036	-2000	20475	85	0	0	0	20	0	0
2025-02-05 08:01:37	164	118411	370329856	3832784096	3490126528	3902047872	3360	1004	-1988	20475	85	0	0	0	20	0	0
2025-02-05 08:01:37	166	118524	370234336	3831892032	3491044736	3901129728	3400	1046	-2040	20475	85	0	0	0	25	0	0
2025-02-05 08:01:37	164	118636	370025120	3830320480	3491781888	3901280256	3394	1024	-2012	20475	80	0	0	0	15	0	0
2025-02-05 08:01:37	166	119098	367529536	3826255200	3494072128	3899101600	3386	1032	-2040	20475	80	0	0	0	20	0	0
2025-02-05 08:01:37	165	119210	366078464	3825468416	3494133248	3898566400	3394	1034	-2020	20475	85	0	0	0	15	0	0
2025-02-05 08:01:38	167	119436	365519904	3823146304	3495698624	3897649312	3412	1040	-2010	20475	90	0	0	0	15	0	0
2025-02-05 08:01:38	166	119661	364366688	3821162656	3496809280	3896719136	3374	1022	-2006	20475	85	0	0	0	15	0	0
2025-02-05 08:01:38	168	119773	363706368	3820468672	3497512192	3895535424	3374	1024	-1994	20475	90	0	0	0	15	0	0
2025-02-05 08:01:38	166	119998	362885920	3818047232	3498813888	3895076928	3392	1014	-2034	20475	95	0	0	0	15	0	0
2025-02-05 08:01:38	166	120223	361992704	3815941248	3500141120	3894145152	3388	1022	-2024	20475	90	0	0	0	15	0	0
2025-02-05 08:01:39	166	120336	361476832	3814803264	3500921728	3893494528	3362	1020	-2022	20475	95	0	0	0	15	0	0
2025-02-05 08:01:39	166	120561	359914848	3812606432	3502099200	3892399488	3396	1046	-1998	20475	90	0	0	0	15	0	0
2025-02-05 08:01:39	168	120899	358684448	3809422752	3504038400	3891315456	3390	1004	-2002	20475	120	0	0	0	20	0	0
2025-02-05 08:01:39	166	121237	356889344	3806325728	3505909760	3889801504	3390	1036	-2000	20475	120	0	0	0	15	0	0
2025-02-05 08:01:40	166	121467	356245792	3804139648	3507440128	3888901120	3386	1018	-2022	20475	125	0	0	0	15	0	0
2025-02-05 08:01:40	166	121811	354835040	3800848480	3509546496	3887580032	3400	1032	-1994	20475	135	0	0	0	20	0	0
2025-02-05 08:01:40	167	122036	353437792	3798860320	3510624960	3886704864	3396	1030	-2018	20475	160	0	0	0	20	0	0
2025-02-05 08:01:41	168	122373	351270720	3795707424	3512192128	3885671168	3394	1028	-2042	20475	150	0	0	0	15	0	0
2025-02-05 08:01:41	168	122598	350467872	3793895904	3513788416	3884149824	3360	1014	-1998	20475	135	0	0	0	15	0	0
2025-02-05 08:01:41	168	122936	349077472	3790901920	3515822848	3882767648	3396	1032	-2016	20475	170	0	0	0	15	0	0
2025-02-05 08:01:41	168	123161	348253536	3788595968	3517299904	3882108448	3390	1018	-1984	20475	145	0	0	0	20	0	0
2025-02-05 08:01:42	167	123499	345975296	3785948736	3518956864	3880334432	3376	1042	-2012	20475	160	0	0	0	15	0	0
2025-02-05 08:01:42	167	123617	346208480	3784793504	3520119936	3879773696	3400	1020	-2006	20475	160	0	0	0	15	0	0
2025-02-05 08:01:42	163	123730	345481120	3783909184	3520640192	3879285056	3396	1018	-2052	20475	165	0	0	0	15	0	0
2025-02-05 08:01:42	168	124073	343284480	3780705216	3522417984	3878110592	3376	1022	-1998	20475	175	0	0	0	20	0	0
2025-02-05 08:01:43	166	124298	342268416	3778549472	3523732928	3877505632	3390	1038	-2030	20475	185	0	0	0	15	0	0
2025-02-05 08:01:43	168	124636	340767648	3775431744	3525924992	3876104640	3370	1034	-1996	20475	185	0	0	0	15	0	0
2025-02-05 08:01:43	165	124861	339369792	3773808640	3527145472	3874749600	3406	1032	-2012	20475	210	0	0	0	15	0	0
2025-02-05 08:01:43	166	125199	337819488	3770949280	3529095936	3873498752	3406	1036	-2022	20475	205	0	0	0	20	0	0
2025-02-05 08:01:44	166	125424	337487040	3768175392	3530756480	3873676128	3394	1020	-2016	20475	205	0	0	0	20	0	0
2025-02-05 08:01:44	165	125761	335788512	3765717504	3532997952	3871346272	3400	1020	-1992	20475	210	0	0	0	15	0	0
2025-02-05 08:01:44	163	125992	334437600	3764234656	3534441152	3869542656	3382	1034	-1994	20475	190	0	0	0	15	0	0
2025-02-05 08:01:44	165	126105	333899232	3762657184	3535056640	3869991232	3392	1026	-2012	20475	175	0	0	0	20	0	0
2025-02-05 08:01:45	166	126335	332977280	3760579200	3536643712	3869042016	3386	1022	-2004	20475	310	0	0	0	20	0	0
2025-02-05 08:01:45	165	126561	331891296	3758565024	3537933376	3868432352	3388	1032	-2026	20475	270	0	0	0	15	0	0
2025-02-05 08:01:45	167	126673	330502272	3757392512	3538184512	3868384448	3404	1022	-2016	20475	310	0	0	0	15	0	0
2025-02-05 08:01:45	166	126898	329955424	3755929664	3539847936	3866861952	3406	1040	-2020	20475	275	0	0	0	15	0	0
2025-02-05 08:01:45	166	127123	329700160	3754028032	3541529728	3866101280	3400	1014	-2000	20475	260	0	0	0	15	0	0
2025-02-05 08:01:46	167	127236	328728288	3752834112	3541934144	3866152928	3402	1022	-2008	20475	270	0	0	0	15	0	0
2025-02-05 08:01:46	166	127461	328367840	3751857280	3543728832	3863970272	3380	1034	-2028	20475	240	0	0	0	15	0	0
2025-02-05 08:01:46	166	127686	326338784	3749614080	3544551104	3863829216	3392	1002	-2014	20475	275	0	0	0	15	0	0
2025-02-05 08:01:46	166	127799	327378400	3748338368	3546409472	3863003200	3412	1030	-1996	20475	275	0	0	0	15	0	0
2025-02-05 08:01:46	166	128024	324318144	3747827200	3546773312	3860717472	3392	1038	-1986	20475	270	0	0	0	20	0	0
2025-02-05 08:01:46	164	128136	323513216	3745712320	3547459776	3861605472	3372	1018	-2006	20475	305	0	0	0	15	0	0
2025-02-05 08:01:47	164	128249	324225440	3744036928	3549257856	3861167040	3414	1032	-2016	20475	310	0	0	0	20	0	0
2025-02-05 08:01:47	166	128598	322166176	3741299456	3551403200	3859438944	3416	1024	-2014	20475	275	0	0	0	10	0	0
2025-02-05 08:01:47	164	128823	320734080	3739432320	3552670720	3858598144	3408	1022	-2000	20475	270	0	0	0	15	0	0
2025-02-05 08:01:47	168	128936	320425088	3738118528	3553539072	3858569248	3396	1040	-2022	20475	275	0	0	0	15	0	0
2025-02-05 08:01:48	167	129273	319399552	3735665216	3556211072	3856428768	3406	1014	-2030	20475	305	0	0	0	15	0	0
2025-02-05 08:01:48	165	129386	318998240	3734508480	3557054656	3856193184	3412	1018	-2008	20475	310	0	0	0	20	0	0
2025-02-05 08:01:48	167	129498	317548128	3733710464	3557304768	3855740960	3388	1028	-2004	20475	310	0	0	0	15	0	0
2025-02-05 08:01:48	166	129724	315999360	3731666304	3558361280	3855467968	3394	1032	-2000	20475	310	0	0	0	15	0	0
2025-02-05 08:01:48	167	129836	316302784	3730569088	3559686528	3854875360	3396	1010	-1978	20475	275	0	0	0	15	0	0
2025-02-05 08:01:48	166	129949	315031776	3729948416	3560089216	3854087968	3402	1020	-2020	20475	320	0	0	0	20	0	0
2025-02-05 08:01:49	168	130399	312607552	3725536704	3562799552	3853529376	3394	1022	-2018	20475	320	0	0	0	15	0	0
2025-02-05 08:01:49	164	130511	312584960	3725184256	3564104384	3851809504	3404	1008	-1964	20475	320	0	0	0	15	0	0
2025-02-05 08:01:49	168	130855	310436672	3722644480	3566269440	3850010304	3390	1028	-2000	20475	320	0	0	0	15	0	0
2025-02-05 08:01:49	167	130973	310146016	3721255168	3567010240	3850384192	3396	1028	-1978	20475	320	0	0	0	15	0	0
2025-02-05 08:01:49	166	131086	309168736	3720082496	3567545536	3850342592	3378	1056	-1960	20475	325	0	0	0	15	0	0
2025-02-05 08:01:50	166	131536	307638752	3716279808	3571061632	3848479328	3402	1026	-2020	20475	315	0	0	0	15	0	0
2025-02-05 08:01:50	164	131648	306669536	3715408832	3571561280	3848132576	3402	1010	-1986	20475	310	0	0	0	15	0	0
2025-02-05 08:01:50	166	132099	303828384	3711965056	3574502336	3845925568	3408	1042	-2004	20475	320	0	0	0	15	0	0
2025-02-05 08:01:50	165	132211	303341408	3710653248	3575305472	3846013280	3404	1024	-1996	20475	310	0	0	0	15	0	0
2025-02-05 08:01:51	167	132436	301864256	3708474688	3576515072	3845921056	3392	1028	-2004	20475	315	0	0	0	15	0	0
2025-02-05 08:01:51	166	132661	300874048	3706918528	3578281728	3844471008	3374	1026	-1980	20475	310	0	0	0	15	0	0
2025-02-05 08:01:51	164	132774	300863936	3705486784	3579313664	3844694944	3390	1020	-2016	20475	315	0	0	0	20	0	0
2025-02-05 08:01:51	166	133117	299226368	3702453568	3581680640	3843830208	3390	1012	-2012	20475	315	0	0	0	15	0	0
2025-02-05 08:01:52	164	133230	298396352	3702195392	3582587712	3842189088	3384	1026	-2022	20475	310	0	0	0	20	0	0
2025-02-05 08:01:52	164	133348	297188544	3701203584	3583071872	3841933024	3408	1052	-2008	20475	315	0	0	0	15	0	0
2025-02-05 08:01:52	165	133798	295880960	3697243200	3586630016	3840709440	3410	1026	-1996	20475	270	0	0	0	15	0	0
2025-02-05 08:01:52	164	133911	294435936	3696356032	3587024576	3840323776	3418	1006	-2012	20475	270	0	0	0	15	0	0
2025-02-05 08:01:52	166	134136	291927296	3694288832	3588196096	3839610272	3406	1042	-2014	20475	330	0	0	0	20	0	0
2025-02-05 08:01:53	166	134361	291721088	3692269568	3590140608	3839132608	3424	1008	-1994	20475	315	0	0	0	15	0	0
2025-02-05 08:01:53	167	134474	291091264	3691674688	3590801408	3838496000	3394	1050	-2024	20475	315	0	0	0	15	0	0
2025-02-05 08:01:53	166	134699	289639104	3690307456	3592503744	3836761984	3390	1038	-1992	20475	310	0	0	0	20	0	0
2025-02-05 08:01:53	165	135036	287843680	3686869248	3594663808	3836874016	3388	1040	-2026	20475	275	0	0	0	15	0	0
2025-02-05 08:01:54	165	135374	285780608	3684771200	3597030272	3834765248	3394	1036	-2002	20475	265	0	0	0	15	0	0
2025-02-05 08:01:54	167	135492	285982144	3683282048	3598210304	3835079584	3400	1014	-2014	20475	270	0	0	0	20	0	0
2025-02-05 08:01:54	166	135605	284880512	3682666624	3598880576	3834200704	3396	1028	-1998	20475	315	0	0	0	15	0	0
2025-02-05 08:01:54	165	135948	283110624	3679373696	3601192448	3834010624	3394	1044	-1990	20475	275	0	0	0	20	0	0
2025-02-05 08:01:54	164	136061	282155264	3678414464	3601854400	3833711104	3406	1034	-2016	20475	270	0	0	0	20	0	0
2025-02-05 08:01:54	167	136173	281745280	3677800576	3602840640	3832801536	3386	1032	-2000	20475	270	0	0	0	20	0	0
2025-02-05 08:01:55	166	136511	280851712	3675355776	3605790784	3831123456	3390	1026	-1962	20475	220	0	0	0	10	0	0
2025-02-05 08:01:55	165	136736	279088480	3674049088	3607385472	3829442784	3410	1040	-2000	20475	270	0	0	0	20	0	0
2025-02-05 08:01:55	168	137074	277786848	3670851904	3610057600	3829000800	3394	1020	-1978	20475	265	0	0	0	15	0	0
2025-02-05 08:01:56	166	137299	275784608	3668859328	3611042688	3829037600	3390	1050	-2002	20475	245	0	0	0	15	0	0
2025-02-05 08:01:56	166	137636	273633888	3665663232	3613551232	3828400544	3400	1014	-2004	20475	275	0	0	0	15	0	0
2025-02-05 08:01:56	164	137867	272637056	3664456448	3615386752	3826771680	3380	1030	-1994	20475	265	0	0	0	15	0	0
2025-02-05 08:01:56	166	137980	272499232	3663316928	3616362880	3826811424	3422	1028	-2026	20475	305	0	0	0	15	0	0
2025-02-05 08:01:57	166	138211	270370080	3661566144	3617597952	3826154400	3390	1048	-2024	20475	270	0	0	0	15	0	0
2025-02-05 08:01:57	166	138436	270088576	3659340480	3619781568	3825854656	3400	1010	-1998	20475	260	0	0	0	20	0	0
2025-02-05 08:01:57	167	138548	268714592	3659265088	3620155136	3824631968	3394	1036	-1998	20475	240	0	0	0	15	0	0
2025-02-05 08:01:57	167	138773	268346688	3657675840	3622543232	3823154912	3398	1030	-1974	20475	270	0	0	0	15	0	0
2025-02-05 08:01:57	164	138886	267528016	3656298816	3623103488	3823753888	3402	1030	-2010	20475	270	0	0	0	15	0	0
2025-02-05 08:01:57	166	138998	266892720	3655704960	3623852608	3823132000	3416	1050	-2014	20475	305	0	0	0	15	0	0
2025-02-05 08:01:57	164	139111	266352416	3654920256	3624872896	3822440704	3398	1034	-1994	20475	275	0	0	0	15	0	0
2025-02-05 08:01:58	166	139336	264067392	3653020224	3625849984	3822351200	3396	1042	-1956	20475	270	0	0	0	20	0	0
2025-02-05 08:01:58	166	139449	265028208	3651870080	3627559680	3822035232	3398	1018	-2016	20475	275	0	0	0	20	0	0
2025-02-05 08:01:58	164	139561	263737744	3651141888	3628078656	3821572736	3406	1014	-2002	20475	270	0	0	0	15	0	0
2025-02-05 08:01:58	167	139674	262605856	3650525824	3628560896	3821103136	3398	1038	-1992	20475	310	0	0	0	15	0	0
2025-02-05 08:01:58	167	140130	260790640	3647030848	3632581184	3819233216	3398	1034	-2000	20475	315	0	0	0	20	0	0
2025-02-05 08:01:59	167	140248	260159808	3646017792	3633300544	3819267808	3400	1020	-1948	20475	315	0	0	0	20	0	0
2025-02-05 08:01:59	168	140586	258196704	3643042176	3635677760	3818966112	3392	1010	-1992	20475	310	0	0	0	15	0	0
2025-02-05 08:01:59	166	140698	257506112	3642254080	3636548864	3818466560	3386	1024	-2012	20475	310	0	0	0	15	0	0
2025-02-05 08:01:59	167	141148	253821216	3639721600	3639534784	3815855712	3394	1060	-2016	20475	345	0	0	0	20	0	0
2025-02-05 08:02:00	163	141261	253260400	3638387584	3640148736	3816546336	3382	1020	-2026	20475	320	0	0	0	20	0	0
2025-02-05 08:02:00	168	141486	253371328	3636239616	3642791680	3815948000	3404	1058	-1972	20475	325	0	0	0	15	0	0
2025-02-05 08:02:00	167	141711	250294848	3635769280	3643591552	3813893504	3386	1052	-1998	20475	320	0	0	0	15	0	0
2025-02-05 08:02:00	164	141824	250710416	3633692352	3644623680	3815567008	3390	1024	-2016	20475	310	0	0	0	15	0	0
2025-02-05 08:02:00	168	142049	248932880	3632567616	3646173120	3814096256	3408	1052	-2022	20475	285	0	0	0	20	0	0
2025-02-05 08:02:01	166	142274	247848944	3630920064	3647960768	3813400608	3378	1040	-2014	20475	270	0	0	0	20	0	0
2025-02-05 08:02:01	165	142392	246782192	3629868224	3648622272	3813416256	3376	1032	-1986	20475	275	0	0	0	20	0	0
2025-02-05 08:02:01	167	142623	244998880	3628173184	3650141888	3812812800	3386	1042	-2020	20475	320	0	0	0	25	0	0
2025-02-05 08:02:01	165	142848	244226992	3626385152	3652236160	3812101568	3378	1048	-2002	20475	305	0	0	0	20	0	0
2025-02-05 08:02:01	164	142961	243992816	3625439552	3653350848	3811810912	3382	1046	-2006	20475	315	0	0	0	20	0	0
2025-02-05 08:02:02	166	143186	242047936	3623840256	3654642688	3811337952	3394	1046	-2036	20475	315	0	0	0	20	0	0
2025-02-05 08:02:02	166	143411	241375536	3622544448	3657015104	3809669632	3404	1042	-1998	20475	305	0	0	0	20	0	0
2025-02-05 08:02:02	168	143523	240672096	3621720384	3657702528	3809559200	3404	1062	-1996	20475	275	0	0	0	20	0	0
2025-02-05 08:02:02	166	143749	238659984	3620548864	3658792000	3808763872	3372	1076	-2018	20475	305	0	0	0	20	0	0
2025-02-05 08:02:02	165	143974	239873184	3618597376	3658810944	3812057856	3370	1018	-2018	20475	270	0	0	0	15	0	0
2025-02-05 08:02:02	166	144086	238408576	3618005312	3659316032	3811497536	3392	1042	-2026	20475	270	0	0	0	15	0	0
2025-02-05 08:02:03	166	144311	236075344	3616968256	3661715712	3808664992	3390	1036	-2012	20475	270	0	0	0	20	0	0
2025-02-05 08:02:03	165	144424	236833200	3615906176	3662962112	3808894144	3384	1004	-2024	20475	240	0	0	0	15	0	0
2025-02-05 08:02:03	162	144536	236064752	3615118080	3663591872	3808803648	3392	1048	-1996	20475	240	0	0	0	20	0	0
2025-02-05 08:02:03	167	144649	234428176	3613933056	3663930304	3809230944	3384	1032	-2040	20475	265	0	0	0	20	0	0
2025-02-05 08:02:03	168	144998	233007680	3611934080	3667720704	3806453088	3390	1048	-1990	20475	270	0	0	0	20	0	0
2025-02-05 08:02:04	168	145223	231713632	3610262656	3669410496	3806010560	3382	1038	-2000	20475	280	0	0	0	20	0	0
2025-02-05 08:02:04	167	145561	228791696	3607676672	3671870656	3805122368	3406	1042	-1994	20475	215	0	0	0	20	0	0
2025-02-05 08:02:04	165	145786	228727728	3609221760	3671754816	3803078400	3430	1018	-2012	20475	265	0	0	0	20	0	0
2025-02-05 08:02:04	168	146124	233845440	3618450240	3655709120	3813405472	3340	1000	-2100	20475	345	0	0	0	20	0	0
2025-02-05 08:02:05	166	146349	239458992	3622274048	3648981888	3819827680	3358	1024	-2078	20475	370	0	0	0	20	0	0
2025-02-05 08:02:05	166	146686	231285728	3620550208	3650068032	3816757088	3356	1050	-2104	20475	360	0	0	0	25	0	0
2025-02-05 08:02:05	167	146911	222223424	3610793088	3660040896	3812989408	3322	1138	-2070	20475	365	0	0	0	25	0	0
2025-02-05 08:02:05	166	147024	217834048	3606717056	3667183424	3807464544	3400	1136	-2034	20475	360	0	0	0	25	0	0
2025-02-05 08:02:06	168	147142	210217936	3601681728	3674719808	3801643616	3376	1106	-1996	20475	355	0	0	0	25	0	0
2025-02-05 08:02:06	164	147255	206922784	3594525632	3682866752	3800185472	3374	1074	-2092	20475	330	0	0	0	20	0	0
2025-02-05 08:02:06	162	147485	198880176	3586016192	3693885440	3795520352	3422	1188	-1986	20475	375	0	0	0	20	0	0
2025-02-05 08:02:06	166	147823	201649088	3587418432	3692226304	3796642944	3378	1094	-2048	20475	360	0	0	0	20	0	0
2025-02-05 08:02:06	163	148048	202823760	3585673664	3688623040	3804026240	3318	1080	-2070	20475	395	0	0	0	25	0	0
2025-02-05 08:02:07	164	148161	200801248	3585075328	3688840512	3803791008	3326	1116	-2086	20475	380	0	0	0	20	0	0
2025-02-05 08:02:07	165	148611	196562384	3582325888	3696898880	3796237632	3346	1122	-2066	20475	340	0	0	0	25	0	0
2025-02-05 08:02:07	163	148836	194980368	3578888448	3698239936	3798941120	3334	1096	-2064	20475	360	0	0	0	20	0	0
2025-02-05 08:02:08	165	149174	194370272	3577515776	3701099584	3797256192	3346	1110	-2074	20475	360	0	0	0	20	0	0
2025-02-05 08:02:08	168	149517	195825040	3577748992	3701069696	3797526144	3386	1044	-2070	20475	380	0	0	0	20	0	0
2025-02-05 08:02:08	164	149630	196371504	3577751936	3701133376	3797661152	3364	1020	-2082	20475	400	0	0	0	20	0	0
2025-02-05 08:02:08	165	149748	195033904	3579178240	3703010816	3792864928	3420	1134	-1938	20475	360	0	0	0	15	0	0
2025-02-05 08:02:09	168	150198	205040000	3581125376	3698974144	3798890592	3388	1046	-2060	20475	370	0	0	0	20	0	0
2025-02-05 08:02:09	163	150311	199786656	3583686400	3697449472	3794918432	3312	1130	-1984	20475	425	0	0	0	20	0	0
2025-02-05 08:02:09	166	150536	202915760	3585650624	3699123264	3791403392	3418	1064	-1998	20475	410	0	0	0	15	0	0
2025-02-05 08:02:09	165	150761	192737232	3572374016	3704648512	3799844160	3288	948	-2196	20475	360	0	0	0	25	0	0
2025-02-05 08:02:09	164	150874	187023872	3570392640	3708193344	3796347648	3344	1186	-1980	20475	360	0	0	0	20	0	0
2025-02-05 08:02:09	168	151099	184491856	3565700096	3719071616	3789608224	3374	1056	-2084	20475	340	0	0	0	25	0	0
2025-02-05 08:02:10	165	151324	181259360	3559332736	3722957376	3793267072	3334	1064	-2076	20475	355	0	0	0	30	0	0
2025-02-05 08:02:10	165	151436	178469456	3558771520	3723784256	3792149184	3354	1094	-2060	20475	365	0	0	0	30	0	0
2025-02-05 08:02:10	164	151780	176712832	3554718016	3727337984	3793457312	3352	1088	-2054	20475	350	0	0	0	25	0	0
2025-02-05 08:02:10	165	151898	175933712	3554627456	3728608064	3791883552	3354	1108	-2082	20475	350	0	0	0	30	0	0
2025-02-05 08:02:10	168	152010	175159904	3553555584	3729131776	3792603424	3342	1062	-2072	20475	365	0	0	0	30	0	0
2025-02-05 08:02:11	166	152236	173550720	3552843264	3730877568	3791135456	3330	1106	-2064	20475	345	0	0	0	25	0	0
2025-02-05 08:02:11	168	152573	172517696	3550655616	3733913088	3790618848	3336	1086	-2046	20475	345	0	0	0	30	0	0
2025-02-05 08:02:11	165	152686	171053872	3549798336	3734388736	3790857024	3318	1094	-2066	20475	350	0	0	0	25	0	0
2025-02-05 08:02:11	165	152911	170889328	3549142784	3736659968	3789252736	3362	1076	-2090	20475	345	0	0	0	30	0	0
2025-02-05 08:02:12	166	153136	169233392	3547334080	3738020096	3789867168	3336	1092	-2080	20475	350	0	0	0	25	0	0
2025-02-05 08:02:12	167	153474	167849424	3545241088	3740750144	3789505024	3346	1072	-2064	20475	345	0	0	0	25	0	0
2025-02-05 08:02:12	166	153699	164306432	3542426496	3743764928	3789226784	3334	1094	-2084	20475	345	0	0	0	30	0	0
2025-02-05 08:02:13	165	154155	162441568	3539537728	3750112576	3786062720	3344	1044	-2036	20475	345	0	0	0	30	0	0
2025-02-05 08:02:13	166	154273	165007232	3539570048	3749891072	3787078368	3378	1088	-2106	20475	385	0	0	0	30	0	0
2025-02-05 08:02:13	165	154611	158866768	3535280128	3751379328	3789931904	3334	1118	-2086	20475	350	0	0	0	25	0	0
2025-02-05 08:02:13	166	154836	156351664	3536009920	3756744832	3782360096	3338	1094	-2038	20475	365	0	0	0	30	0	0
2025-02-05 08:02:13	166	154948	156368224	3533206528	3757846016	3785377216	3350	1094	-2084	20475	350	0	0	0	25	0	0
2025-02-05 08:02:14	165	155173	154835824	3534752128	3758648160	3781769376	3364	1114	-2054	20475	365	0	0	0	25	0	0
2025-02-05 08:02:14	164	155398	154497744	3532118592	3757168960	3787151456	3314	1092	-2084	20475	380	0	0	0	30	0	0
2025-02-05 08:02:14	165	155511	152047296	3532862272	3758112928	3784304224	3348	1154	-2070	20475	435	0	0	0	30	0	0
2025-02-05 08:02:14	163	155624	152596576	3533342272	3757742272	3784141888	3332	1136	-2068	20475	370	0	0	0	30	0	0
2025-02-05 08:02:14	165	155849	155808000	3532282496	3755279424	3789314848	3348	1056	-2130	20475	390	0	0	0	25	0	0
2025-02-05 08:02:14	166	155961	155137248	3532664320	3755212672	3788604384	3300	1104	-2110	20475	355	0	0	0	25	0	0
2025-02-05 08:02:14	166	156074	155063984	3532171904	3756139776	3788336480	3332	1114	-2098	20475	375	0	0	0	30	0	0
2025-02-05 08:02:15	167	156530	164087696	3552460544	3727306752	3792541056	3444	1260	-2266	20475	475	0	0	0	50	0	0
2025-02-05 08:02:15	165	156986	144585696	3628695104	3574816832	3883298432	2792	1492	-2926	20475	655	0	0	0	205	0	0
2025-02-05 08:02:15	163	157098	130138064	3637786624	3559809024	3890453376	2062	1314	-2462	20475	495	0	0	0	50	0	0
2025-02-05 08:02:16	166	157548	178261088	3626294208	3577736832	3895478336	2940	1306	-2916	20475	485	0	0	0	40	0	0
2025-02-05 08:02:16	161	157661	176468928	3612197440	3583895168	3907704896	2692	1332	-2872	20475	420	0	0	0	35	0	0
2025-02-05 08:02:16	166	157886	182447360	3614517760	3582370368	3909196832	2808	1010	-2946	20475	530	0	0	0	30	0	0
2025-02-05 08:02:17	166	158111	176537120	3619503104	3585017920	3893138752	2914	938	-2794	20475	395	0	0	0	30	0	0
2025-02-05 08:02:17	165	158224	166658240	3616819136	3593135360	3879415136	2796	1444	-2616	20475	385	0	0	0	35	0	0
2025-02-05 08:02:17	168	158449	143580224	3612826368	3600285184	3865552416	2910	1404	-2644	20475	195	0	0	0	30	0	0
2025-02-05 08:02:17	165	158674	110942008	3594985856	3608252096	3871822496	2338	1676	-2352	20475	455	0	0	0	35	0	0
2025-02-05 08:02:17	165	158792	110412784	3588958848	3615296128	3870326400	2838	1256	-3058	20475	355	0	0	0	30	0	0
2025-02-05 08:02:17	166	159023	107207792	3572799296	3636674304	3863062368	2744	1618	-2656	20475	170	0	0	0	30	0	0
2025-02-05 08:02:18	164	159248	100541168	3567104640	3642281664	3862508512	2680	1404	-2672	20475	115	0	0	0	35	0	0
2025-02-05 08:02:18	167	159361	100373128	3565049984	3647150592	3858629024	2684	1504	-2730	20475	140	0	0	0	30	0	0
2025-02-05 08:02:18	160	159811	94403504	3563658944	3649360640	3856356064	2648	1428	-2660	20475	90	0	0	0	30	0	0
2025-02-05 08:02:18	168	159923	95018632	3563819968	3651221440	3853494720	2680	1522	-2672	20475	95	0	0	0	30	0	0
2025-02-05 08:02:18	164	160036	91012944	3567803200	3648349696	3850280608	2692	1616	-2656	20475	100	0	0	0	30	0	0
2025-02-05 08:02:19	165	160261	99269608	3575037760	3643934720	3846731424	2800	1506	-2744	20475	105	0	0	0	30	0	0
2025-02-05 08:02:19	166	160486	103833208	3567645248	3648076416	3853758656	2784	1492	-2654	20475	110	0	0	0	30	0	0
2025-02-05 08:02:19	165	161049	102422928	3568888128	3642361920	3859839168	2726	1500	-2612	20475	105	0	0	0	35	0	0
2025-02-05 08:02:20	165	161398	112226144	3570434048	3632309824	3875141504	2692	1342	-2834	20475	115	0	0	0	30	0	0
2025-02-05 08:02:20	165	161623	110599592	3569088256	3630697472	3879606336	2680	1378	-2846	20475	110	0	0	0	30	0	0
2025-02-05 08:02:20	164	161961	108141464	3564622912	3636854720	3876993792	2700	1380	-2780	20475	115	0	0	0	25	0	0
2025-02-05 08:02:21	166	162186	102501576	3562265664	3639477760	3875578944	2676	1424	-2772	20475	110	0	0	0	30	0	0
2025-02-05 08:02:21	166	162298	104877344	3560606976	3641158272	3876444864	2664	1394	-2806	20475	105	0	0	0	25	0	0
2025-02-05 08:02:21	165	162524	103062736	3557960384	3642967168	3877826560	2684	1406	-2800	20475	110	0	0	0	25	0	0
2025-02-05 08:02:21	162	162749	101656128	3555624576	3644328768	3879492160	2638	1364	-2808	20475	110	0	0	0	25	0	0
2025-02-05 08:02:21	167	162861	100812224	3554562432	3646310464	3878081920	2646	1376	-2798	20475	100	0	0	0	35	0	0
2025-02-05 08:02:22	167	163199	97652624	3552046400	3649423616	3876975040	2634	1406	-2812	20475	80	0	0	0	25	0	0
2025-02-05 08:02:22	165	163311	97438384	3551781568	3649769024	3876862464	2666	1410	-2802	20475	80	200	0	0	25	0	0
2025-02-05 08:02:22	166	163773	94151744	3545477696	3656701888	3876721312	2620	1432	-2748	20475	80	0	0	0	25	0	0
2025-02-05 08:02:22	164	163885	90117656	3546998016	3657124352	3872488160	2654	1452	-2732	20475	85	0	0	0	25	0	0
2025-02-05 08:02:23	161	164336	108906840	3556277376	3645432128	3878443552	2668	1314	-2846	20475	75	0	0	0	30	0	0
2025-02-05 08:02:23	161	164448	104340472	3553295040	3645746368	3882100160	2616	1352	-2776	20475	75	0	0	0	30	0	0
2025-02-05 08:02:23	166	164673	103432008	3548512128	3651305152	3881787776	2662	1342	-2812	20475	80	0	0	0	25	0	0
2025-02-05 08:02:23	166	164899	99118912	3546977600	3658836800	3871958784	2704	1388	-2754	20475	130	0	0	0	30	0	0
2025-02-05 08:02:23	165	165011	98350984	3545963392	3660243520	3871461056	2706	1374	-2768	20475	440	0	0	0	25	0	0
2025-02-05 08:02:24	163	165349	96171896	3542676416	3663990464	3871187424	2706	1368	-2770	20475	140	0	0	0	25	0	0
2025-02-05 08:02:24	166	165461	97534528	3541662080	3665463104	3871110592	2700	1374	-2792	20475	245	0	0	0	25	0	0
2025-02-05 08:02:24	166	165574	95923360	3540023424	3665734464	3873260832	2694	1366	-2760	20475	185	0	0	0	25	0	0
2025-02-05 08:02:24	165	165917	93656352	3537174400	3666531904	3876686272	2628	1340	-2756	20475	175	0	0	0	25	0	0
2025-02-05 08:02:24	164	166030	95030984	3536351552	3667988544	3876302048	2700	1340	-2804	20475	180	0	0	0	25	0	0
2025-02-05 08:02:25	167	166148	92338152	3537286464	3669124288	3872325952	2674	1386	-2756	20475	185	0	0	0	20	0	0
2025-02-05 08:02:25	165	166373	92793616	3535053440	3672499712	3871451168	2696	1334	-2760	20475	205	0	0	0	25	0	0
2025-02-05 08:02:25	164	166598	91320848	3532742144	3674506624	3872340448	2678	1382	-2762	20475	240	0	0	0	25	0	0
2025-02-05 08:02:25	164	166711	90599216	3531971904	3674704512	3873285536	2676	1350	-2802	20475	225	0	0	0	25	0	0
2025-02-05 08:02:25	165	166823	89795912	3530469952	3675823552	3874190272	2664	1378	-2792	20475	250	0	0	0	25	0	0
2025-02-05 08:02:25	161	166936	90096576	3529988288	3677836800	3872177568	2730	1384	-2756	20475	225	0	0	0	25	0	0
2025-02-05 08:02:25	163	167048	89127392	3529784704	3678928896	3870750144	2748	1360	-2798	20475	225	0	0	0	25	0	0
2025-02-05 08:02:26	166	167161	91345096	3528229568	3681165376	3870787904	2676	1242	-2772	20475	220	0	0	0	20	0	0
2025-02-05 08:02:26	163	167274	85034544	3523313280	3685668736	3871899840	2558	1524	-2696	20475	225	0	0	0	25	0	0
2025-02-05 08:02:26	165	167611	77350576	3510254656	3708485056	3862309120	2784	1526	-2670	20475	275	0	0	0	25	0	0
2025-02-05 08:02:26	168	167836	74256696	3500536832	3723201920	3859809760	2772	1430	-2682	20475	190	0	0	0	25	0	0
2025-02-05 08:02:27	166	168174	64563356	3496904768	3732097152	3853360256	2768	1360	-2754	20475	170	0	0	0	25	0	0
2025-02-05 08:02:27	164	168292	62911400	3499143168	3729537728	3852353408	2720	1430	-2730	20475	170	0	0	0	25	0	0
2025-02-05 08:02:27	162	168405	63477212	3504639040	3726907968	3845999680	2786	1444	-2598	20475	175	0	0	0	25	0	0
