Timestamp	Battery	Time_ms	Q0	Q1	Q2	Q3	Acc_X	Acc_Y	Acc_Z	Sensor1	Sensor2	Sensor3	Sensor4	Sensor5	Sensor6	Sensor7	Sensor8
2025-02-06 08:52:21	155	45133	577795328	120742112	4060387728	865712384	1704	-956	3596	20475	4630	0	0	0	0	0	0
2025-02-06 08:52:21	155	45243	578261632	121463472	4060465024	865320832	1704	-940	3588	20475	4970	0	0	0	0	0	0
2025-02-06 08:52:21	155	45355	578947712	121089752	4060324352	864876480	1710	-942	3582	20475	4570	0	0	0	0	0	0
2025-02-06 08:52:21	155	45468	579106560	120290160	4059807280	864741120	1674	-928	3586	20475	5885	0	0	0	0	0	0
2025-02-06 08:52:21	149	45580	579275328	120910256	4058095648	864074240	1686	-946	3534	20475	4960	0	0	0	0	0	0
2025-02-06 08:52:22	154	46368	582492096	119041528	4057311504	861953280	1686	-952	3564	20475	5220	0	0	0	0	0	0
2025-02-06 08:52:23	156	46931	585018240	119002144	4057531648	860307008	1706	-948	3578	20475	6580	0	0	0	325	0	0
2025-02-06 08:52:23	155	47043	585871104	118893576	4058801568	860091072	1700	-948	3572	20475	6265	0	0	0	330	0	0
2025-02-06 08:52:23	156	47719	588419328	117942624	4057257328	858054656	1690	-954	3568	20475	5425	0	0	0	0	0	0
2025-02-06 08:52:24	154	47831	588961344	118249592	4057236080	857634496	1738	-964	3566	20475	5440	0	0	0	0	0	0
2025-02-06 08:52:24	156	48062	589787008	117379784	4057008688	857123392	1704	-948	3584	20475	4985	0	0	0	0	0	0
2025-02-06 08:52:24	156	48405	591217600	117166872	4056716592	856085056	1712	-936	3598	20475	4870	0	0	0	0	0	0
2025-02-06 08:52:24	154	48518	592099200	118250096	4057429264	855524928	1714	-936	3554	20475	5165	0	0	0	150	0	0
2025-02-06 08:52:25	156	49081	594498816	117106064	4056981632	853892224	1696	-948	3574	20475	5090	0	0	0	0	0	0
2025-02-06 08:52:25	156	49193	595004096	116015288	4057556176	853849024	1714	-942	3598	20475	5055	0	0	0	0	0	0
2025-02-06 08:52:25	155	49306	595501056	115725792	4057172688	853435008	1696	-964	3580	20475	5195	0	0	0	0	0	0
2025-02-06 08:52:25	156	49756	597382016	115329840	4056923184	852103552	1686	-948	3592	20475	4935	0	0	0	0	0	0
2025-02-06 08:52:26	149	49869	598032448	115833872	4057288752	851680640	1668	-974	3580	20475	4885	0	0	0	0	0	0
2025-02-06 08:52:26	155	49981	598442816	115272536	4057082928	851411200	1692	-958	3580	20475	4790	0	0	0	0	0	0
2025-02-06 08:52:26	153	50437	600184896	115013152	4055930688	849896000	1704	-942	3554	20475	4855	0	0	0	0	0	0
2025-02-06 08:52:26	155	50668	601249088	113776000	4056637472	849508864	1684	-952	3564	20475	4805	0	0	0	0	0	0
2025-02-06 08:52:27	154	51006	602709760	113993792	4055985280	848260352	1704	-948	3574	20475	4875	0	0	0	0	0	0
2025-02-06 08:52:27	156	51118	603084352	113802632	4055657824	847927360	1702	-952	3540	20475	4850	0	0	0	0	0	0
2025-02-06 08:52:27	156	51231	603789888	114097040	4056535200	847632896	1692	-932	3584	20475	4855	0	0	0	0	0	0
2025-02-06 08:52:27	154	51343	604274880	114118688	4056427792	847254016	1682	-924	3604	20475	4875	0	0	0	0	0	0
2025-02-06 08:52:28	155	51794	606351616	113839496	4057000224	845967872	1694	-920	3584	20475	4940	0	0	0	30	0	0
2025-02-06 08:52:28	156	51906	606472832	112987240	4055700384	845628480	1682	-950	3546	20475	4975	0	0	0	0	0	0
2025-02-06 08:52:28	149	52356	608330240	112725040	4055942944	844397120	1696	-950	3604	20475	5040	0	0	0	25	0	0
2025-02-06 08:52:28	154	52700	609472448	111791352	4054984112	843425024	1688	-944	3572	20475	4975	0	0	0	0	0	0
2025-02-06 08:52:29	155	52818	609967424	112735424	4054271056	842738112	1684	-936	3540	20475	4845	0	0	0	0	0	0
2025-02-06 08:52:29	154	52930	610472320	111766608	4054841168	842664000	1700	-940	3584	20475	4800	0	0	0	0	0	0
2025-02-06 08:52:29	153	53043	611072000	112058960	4054901952	842207872	1698	-940	3574	20475	4855	0	0	0	0	0	0
2025-02-06 08:52:29	156	53381	612454464	111135816	4055007776	841355712	1704	-926	3558	20475	11315	6215	4660	3690	490	0	0
2025-02-06 08:52:29	156	53493	612597120	110451000	4053815760	841001152	1692	-962	3538	20475	12550	8175	6440	5115	350	0	0
2025-02-06 08:52:30	154	53831	614361152	110403912	4054720784	839978944	1686	-940	3572	20475	13970	10170	8065	6760	1300	0	0
2025-02-06 08:52:30	154	54169	615980224	109953944	4055195680	838987392	1680	-930	3606	20475	7185	0	0	0	0	0	0
2025-02-06 08:52:30	156	54281	616402560	109626800	4054852784	838621760	1694	-950	3576	20475	7335	0	0	0	0	0	0
2025-02-06 08:52:30	155	54394	617020224	110421264	4055145248	838146816	1692	-932	3572	20475	7270	0	0	0	0	0	0
2025-02-06 08:52:31	156	54956	619433664	109714872	4055185504	836469248	1700	-954	3580	20475	7775	0	0	0	210	0	0
2025-02-06 08:52:32	151	55868	622577600	108331696	4052597216	833564416	1684	-956	3550	20475	16195	12760	10140	8265	2520	0	0
2025-02-06 08:52:32	154	55981	623285888	108319504	4053581792	833322432	1710	-942	3564	20475	16780	14330	11315	9330	2445	0	0
2025-02-06 08:52:32	147	56318	624823168	108031432	4054348768	832429760	1702	-938	3592	20475	16540	14045	11345	9305	3405	0	0
2025-02-06 08:52:32	156	56544	625852416	108089504	4054647424	831735104	1692	-948	3556	20475	16030	13705	11110	9110	1935	0	0
2025-02-06 08:52:32	154	56656	625872896	107439192	4052754816	831254848	1696	-928	3568	20475	16430	14450	11415	9590	1675	0	0
2025-02-06 08:52:33	154	56769	626398400	107131064	4053361632	831075200	1692	-944	3554	20475	14915	12385	9815	8155	1440	0	0
2025-02-06 08:52:33	154	56994	627412288	106545088	4053463344	830415168	1680	-950	3558	20475	14970	12655	10075	8340	1455	0	0
2025-02-06 08:52:33	150	57450	629475136	107818480	4054209472	828905024	1700	-926	3580	20475	15355	12990	10160	8575	1490	0	0
2025-02-06 08:52:34	156	58131	632515840	106823592	4054217680	826718464	1704	-918	3582	20475	14305	11030	8720	7270	1460	0	0
2025-02-06 08:52:34	149	58581	633776960	105628016	4052583504	825427904	1668	-936	3590	20475	16370	14350	11310	9505	1470	0	0
2025-02-06 08:52:35	151	58806	635022720	105779616	4053662720	824767040	1692	-924	3602	20475	16255	14410	11390	9620	1390	0	0
2025-02-06 08:52:35	155	58919	635517440	105030976	4053519248	824439424	1694	-926	3558	20475	15930	13915	11120	9335	1610	0	0
2025-02-06 08:52:35	153	59031	635731904	105021656	4052488704	823972800	1692	-950	3586	20475	16030	14105	11195	9415	1470	0	0
2025-02-06 08:52:35	154	59481	637393792	105129816	4051162096	822282048	1694	-942	3588	20475	15445	13260	10475	8810	1530	0	0
2025-02-06 08:52:35	157	59594	638222016	104515584	4052523632	822120384	1690	-930	3568	20475	15615	13855	10935	9350	1680	0	0
2025-02-06 08:52:36	151	59706	638493120	103282000	4052546320	822072384	1684	-936	3564	20475	16280	14800	11710	9945	1735	0	0
2025-02-06 08:52:36	154	60050	639777600	103871104	4051696128	820747392	1680	-930	3560	20475	16130	14375	11420	9725	1550	0	0
2025-02-06 08:52:36	152	60168	640251392	103771168	4051974400	820472896	1700	-928	3596	20475	16070	14030	11220	9640	1650	0	0
2025-02-06 08:52:36	156	60393	640941376	103287640	4051142448	819748032	1696	-934	3580	20475	16830	15250	12225	10415	1655	0	0
2025-02-06 08:52:36	153	60506	641458496	103740992	4051094832	819271872	1702	-940	3572	20475	16875	15330	12220	10375	1645	0	0
2025-02-06 08:52:37	151	60956	643107264	102278552	4050790368	818071808	1692	-956	3560	20475	16735	15430	12330	10480	1455	0	0
2025-02-06 08:52:37	154	61294	644719232	103625976	4050830192	816643968	1714	-936	3558	20475	16775	15775	12650	10730	1455	0	0
2025-02-06 08:52:38	156	61856	646727424	101871720	4049442064	814858752	1720	-948	3570	20475	16765	15690	12535	10675	1600	0	0
2025-02-06 08:52:38	155	61969	647207296	101957800	4049645168	814528064	1710	-952	3564	20475	16910	15955	12705	10820	1625	0	0
